NaN
NaN
NaN
NaN
NaN
NaN
NaN
NaN
NaN
NaN
NaN
NaN
NaN
NaN
NaN
NaN
NaN
0.231
0.181
0.060
0.034
0.033
0.124
0.085
0.077
0.022
0.187
0.603
0.034
0.001
0.123
0.231
0.119
0.000
0.024
0.000
0.163
0.177
0.323
0.250
0.413
0.195
1.426
2.551
0.333
0.380
0.103
0.027
0.059
0.345
0.224
0.059
0.043
0.084
0.248
0.114
0.069
0.282
0.341
0.178
0.499
0.403
0.339
0.260
0.251
0.114
0.251
0.205
0.198
0.310
0.913
1.652
4.760
3.749
2.388
1.117
0.234
0.205
0.225
0.155
0.534
0.844
0.213
0.479
0.458
0.346
0.279
0.174
0.177
0.337
0.119
0.045
0.005
0.053
0.003
0.056
0.055
0.139
0.715
0.553
1.088
4.618
3.763
0.901
0.050
0.110
0.000
0.077
0.269
0.491
0.567
1.076
0.354
0.084
0.257
0.102
0.067
0.150
0.432
0.289
0.105
0.327
0.152
0.305
0.197
0.278
0.215
0.318
0.206
1.770
0.652
2.761
1.196
1.552
3.989
0.747
2.854
0.868
0.524
2.259
6.841
6.215
0.336
0.443
0.240
0.256
0.268
1.009
1.072
0.703
0.731
0.704
0.193
0.604
0.386
0.187
0.267
0.092
0.117
0.737
0.336
0.000
0.026
0.000
0.021
0.023
0.051
0.108
0.458
0.185
0.398
0.091
0.069
0.111
0.176
0.344
0.154
0.145
0.179
0.612
1.118
1.788
2.513
0.546
0.398
0.034
0.000
0.004
0.100
0.220
0.286
0.000
0.000
0.038
0.008
0.359
1.273
2.548
2.931
0.767
4.689
0.874
0.019
0.002
0.000
0.012
0.003
0.010
0.027
0.057
0.035
0.068
0.154
0.279
0.346
0.081
0.185
1.318
1.958
1.253
1.094
1.036
1.204
1.161
3.775
2.853
4.245
2.523
0.209
0.122
0.328
0.416
0.107
0.151
0.185
0.512
0.079
0.040
0.058
0.189
0.268
0.360
0.669
0.295
0.041
0.004
0.000
0.000
0.000
0.067
0.000
0.069
0.006
0.000
0.073
0.239
0.046
0.022
0.270
1.797
0.903
0.007
0.000
0.000
0.062
0.000
0.000
0.000
0.094
0.164
2.864
0.114
0.000
0.028
0.000
0.011
0.000
0.055
0.027
0.076
1.540
1.789
1.134
2.555
2.484
1.770
2.842
0.524
0.607
0.684
0.546
0.289
0.018
0.000
0.155
0.148
0.047
0.224
0.246
0.631
0.311
0.312
0.102
0.355
0.490
0.759
0.087
0.611
0.257
0.106
0.166
0.530
0.864
0.118
0.024
0.198
0.475
3.621
1.623
0.250
0.110
0.006
0.003
0.080
1.069
3.706
3.499
7.002
0.170
0.020
0.062
0.000
0.000
0.000
0.000
0.000
0.018
0.021
0.000
0.000
0.000
0.012
0.122
0.314
0.410
0.251
0.313
0.170
0.145
0.103
0.303
0.189
0.235
0.761
2.916
0.036
0.045
0.453
5.010
6.012
20.418
0.868
0.671
0.842
0.505
1.364
4.142
4.353
1.607
0.918
0.361
0.466
0.246
0.242
0.223
0.204
0.171
0.122
0.299
0.248
0.144
0.112
0.174
0.168
0.155
0.000
0.081
0.471
0.518
0.063
0.275
0.982
5.869
0.644
0.771
0.945
0.688
0.499
0.250
0.969
1.000
0.970
0.091
0.093
0.072
0.165
0.902
0.115
0.170
0.166
0.174
0.403
0.753
0.166
0.348
0.967
0.534
0.589
0.405
1.306
1.790
0.727
0.803
0.726
0.108
0.170
0.180
0.576
0.368
0.645
0.897
0.794
1.011
0.028
0.519
0.452
0.249
0.174
0.136
0.476
0.132
0.342
1.115
1.112
0.637
1.617
0.650
1.470
0.637
0.971
0.146
0.054
0.047
0.212
0.162
0.019
0.049
0.216
0.362
0.300
0.241
0.000
0.111
0.040
0.291
0.375
0.268
0.084
0.340
0.085
0.087
0.406
0.162
0.077
0.197
0.134
0.076
0.125
0.122
0.084
0.089
0.682
0.877
0.114
0.755
1.395
0.715
1.300
0.350
0.041
0.244
0.323
0.584
0.149
0.223
0.006
0.074
0.200
1.406
1.419
0.234
0.496
0.792
0.191
0.026
0.040
0.045
0.048
0.053
0.339
0.296
0.208
0.492
0.924
0.263
0.155
0.339
0.869
0.169
0.258
0.041
0.155
0.368
1.259
0.211
0.200
0.253
0.102
0.162
0.353
0.168
0.123
0.034
0.052
0.152
0.110
0.187
1.289
2.222
3.187
7.140
6.434
5.755
0.884
0.666
0.394
0.924
0.384
0.000
0.075
0.000
0.118
1.070
0.476
3.300
0.239
0.409
0.374
0.489
0.170
0.562
1.045
0.283
0.214
0.452
0.200
0.218
0.222
0.389
0.155
0.023
0.306
0.860
0.835
0.498
0.613
0.191
0.045
0.186
0.170
0.375
0.723
0.430
0.356
0.573
0.131
0.093
0.233
0.579
0.087
0.170
0.050
0.092
0.545
0.259
0.783
0.895
0.747
0.515
0.411
0.120
0.234
0.109
0.045
0.150
1.296
1.679
0.326
0.197
0.394
0.654
0.553
0.656
0.268
0.088
0.141
0.285
0.329
0.228
0.204
0.167
0.048
0.008
0.057
0.043
0.106
0.094
0.034
0.162
0.275
0.052
0.041
0.064
0.208
0.220
0.170
0.350
0.248
0.199
0.359
0.487
1.122
0.789
0.734
0.709
0.950
1.028
0.306
0.191
0.927
1.155
1.237
0.611
0.903
1.088
1.371
0.994
0.842
0.248
0.177
0.214
0.138
0.042
0.204
0.333
0.435
0.830
0.018
0.129
0.274
0.948
1.121
0.224
0.106
0.348
0.550
0.864
0.479
0.933
0.791
0.276
0.634
0.134
0.272
0.373
0.241
0.595
1.082
2.582
0.290
0.108
0.260
4.019
0.194
0.092
0.038
0.044
0.037
0.000
0.000
0.000
0.039
0.094
0.000
0.128
0.177
0.072
0.069
0.003
0.031
0.009
0.649
1.564
0.523
0.678
0.011
0.149
0.045
0.199
0.482
1.021
0.737
0.582
0.200
0.035
0.000
0.000
0.000
0.000
0.027
0.052
0.170
0.040
0.000
0.000
0.213
0.120
0.010
0.064
0.025
0.130
0.211
2.573
0.532
0.159
0.209
1.190
0.110
0.150
0.155
0.244
0.305
1.621
1.413
1.208
0.000
0.033
0.011
0.036
0.199
0.189
0.059
0.072
0.207
0.345
0.031
0.239
0.433
1.485
3.938
4.762
6.372
7.102
1.689
0.328
0.020
0.053
0.180
0.186
0.187
0.116
0.080
0.144
2.534
6.442
0.072
0.000
0.000
0.000
0.000
0.015
0.000
0.029
0.218
0.158
0.597
0.051
0.567
0.102
2.500
0.897
0.825
0.565
0.445
0.627
1.165
NaN
0.209
0.095
0.054
0.084
0.707
0.872
0.287
0.338
0.628
0.552
0.826
1.184
1.337
0.980
0.435
0.723
0.607
0.178
0.534
0.636
0.545
0.308
0.313
0.188
0.554
0.353
2.018
3.440
2.752
2.567
3.976
1.511
1.351
0.839
0.396
0.480
0.234
0.216
0.265
0.514
0.939
0.913
0.806
2.620
1.467
0.412
0.128
0.103
0.185
0.521
0.436
0.205
0.832
0.162
0.291
0.587
0.108
0.535
0.356
0.654
1.754
0.634
1.869
3.671
2.934
1.155
3.151
0.610
0.076
0.207
0.332
0.585
0.429
0.045
0.133
0.281
0.415
0.521
2.416
0.307
0.679
0.330
0.745
0.722
0.175
0.303
0.392
0.452
0.118
0.152
0.359
0.886
0.428
0.152
0.266
0.179
0.252
0.433
0.620
0.325
0.676
0.422
0.396
0.136
0.296
0.729
1.223
1.125
0.875
0.680
0.883
0.368
0.393
0.288
1.053
0.667
0.132
0.326
0.126
0.191
0.323
0.045
0.032
0.000
0.000
0.007
0.024
0.032
0.065
0.122
0.022
0.182
0.378
0.038
0.073
0.144
0.271
0.089
0.271
0.011
0.020
0.045
0.000
0.046
0.084
0.147
0.112
0.143
0.017
0.205
0.191
0.132
0.663
0.495
0.181
0.467
0.574
0.584
0.118
0.111
1.618
8.615
0.444
0.353
0.306
0.093
0.399
0.000
0.000
0.000
0.000
0.040
0.000
0.000
0.071
0.000
0.182
0.165
0.148
0.213
0.232
0.528
0.276
0.296
0.733
0.900
0.549
0.064
0.064
0.024
0.046
0.000
0.025
0.025
0.051
0.073
0.203
0.323
0.323
0.200
0.136
0.180
0.081
0.059
0.064
0.079
0.059
0.000
0.015
0.030
0.097
0.009
0.019
0.087
0.359
0.110
0.342
0.641
0.961
0.583
0.701
0.730
0.411
0.310
0.795
0.666
0.383
0.544
0.619
0.245
0.372
0.381
0.271
0.227
0.137
0.098
0.552
0.084
0.011
0.067
0.000
0.198
0.097
0.324
0.116
0.095
0.039
0.027
0.156
0.232
0.287
0.956
0.716
1.155
0.560
0.147
0.338
0.139
0.154
0.182
0.181
0.188
0.287
0.265
0.204
0.179
0.058
0.075
0.236
0.246
0.057
0.086
0.347
0.480
0.149
0.608
0.293
0.510
0.215
0.149
0.733
0.087
0.078
0.069
0.402
0.973
0.376
0.465
0.422
0.160
0.116
0.113
0.167
1.032
0.556
0.379
0.137
0.020
0.049
0.010
0.120
0.646
0.180
0.154
0.261
1.819
2.878
4.691
0.721
1.266
1.531
1.253
3.761
0.076
0.052
0.000
0.023
0.038
0.042
0.084
0.162
0.000
0.199
0.103
0.067
0.092
0.158
0.052
0.332
0.154
0.169
0.133
0.345
0.141
0.237
0.067
0.005
0.099
0.026
0.171
0.129
0.273
0.385
0.998
0.424
1.076
0.421
0.285
0.515
0.293
0.217
0.145
0.179
0.251
0.044
0.072
0.052
0.075
0.018
0.072
0.228
0.237
0.228
0.292
1.005
0.646
0.202
0.360
0.312
0.128
0.382
0.312
0.345
0.140
0.673
0.879
0.419
0.802
1.256
1.769
0.750
0.639
0.984
0.836
1.206
1.737
0.532
0.532
0.714
0.762
0.587
0.396
0.668
0.727
0.901
0.327
0.181
0.401
0.336
0.354
0.454
0.471
0.268
0.045
0.046
0.063
0.097
0.067
0.088
0.119
0.076
0.213
0.612
0.296
0.765
0.659
0.226
0.190
0.108
0.162
0.112
0.055
0.000
0.017
0.092
0.080
0.091
0.040
0.180
0.033
0.868
0.911
1.279
1.377
1.205
0.968
0.862
0.828
0.947
1.522
NaN
NaN
0.298
0.197
0.574
0.156
0.224
0.042
0.114
0.054
0.102
0.206
0.439
0.117
0.146
0.219
0.058
0.433
0.066
0.255
0.271
0.067
0.186
0.037
0.013
0.142
0.165
0.095
0.109
0.057
0.095
0.172
0.303
0.520
0.214
0.727
0.835
0.227
0.360
0.241
0.497
0.756
0.455
0.052
0.145
0.239
0.891
0.559
0.812
1.740
1.478
1.198
3.069
1.390
0.155
0.107
0.000
0.088
0.068
0.278
0.043
0.165
0.108
0.402
1.246
1.311
0.878
1.210
0.575
0.530
0.422
0.789
0.065
0.143
0.265
0.618
0.156
0.265
0.096
0.227
0.236
0.403
0.069
0.046
0.281
0.557
0.232
0.153
0.009
0.084
0.327
0.240
0.148
0.278
0.587
0.648
0.478
0.682
0.215
0.116
5.585
0.623
0.704
0.347
0.374
0.397
0.293
0.412
0.377
0.614
0.305
0.643
1.464
0.909
0.361
1.031
0.950
0.300
0.323
0.267
0.455
0.681
0.816
1.626
0.658
0.161
0.072
0.064
0.118
0.672
0.646
0.621
0.648
0.537
0.041
0.100
0.329
0.175
0.150
0.298
0.317
0.221
0.101
0.446
0.668
0.300
0.220
0.261
0.337
1.796
0.291
0.113
0.225
0.393
1.413
1.857
0.421
0.557
0.822
0.544
0.386
0.175
0.185
0.044
0.125
0.296
0.335
0.005
0.087
0.568
2.324
1.528
1.397
1.511
1.229
3.059
0.412
0.004
0.087
0.123
0.151
0.279
0.239
0.602
0.981
2.560
1.009
0.499
0.946
1.535
0.345
0.191
0.108
0.308
0.166
0.256
0.305
0.134
0.202
0.152
0.735
0.349
0.095
0.187
0.050
0.233
0.316
0.392
0.129
0.319
0.444
0.447
0.925
1.493
2.542
3.751
0.609
0.128
0.043
0.006
0.045
0.152
0.167
0.174
0.269
0.114
0.104
0.041
0.055
0.189
0.774
0.137
0.113
0.045
0.153
0.171
0.289
1.278
0.740
0.555
0.508
0.475
0.023
0.104
0.040
0.052
0.147
0.322
0.351
0.392
0.455
0.716
0.757
0.053
0.045
0.185
0.366
0.653
0.822
2.607
2.321
0.425
0.075
0.114
0.016
0.071
0.029
0.029
0.232
0.202
0.179
0.331
0.117
1.137
2.720
0.595
0.002
0.027
0.011
0.036
0.058
0.038
0.280
0.132
0.298
0.424
0.571
0.886
1.487
0.397
0.223
0.240
0.166
0.110
0.124
0.555
0.789
0.134
0.083
0.192
0.139
0.581
0.061
0.281
0.872
0.112
0.798
2.095
1.028
0.156
0.000
0.123
0.317
0.299
0.091
0.062
0.013
0.017
0.483
0.893
0.644
0.687
0.075
0.023
0.048
0.000
0.146
0.037
0.000
0.019
0.164
0.166
0.344
0.037
0.171
0.435
0.693
0.298
0.853
0.532
0.365
0.562
0.024
0.000
0.000
0.095
0.289
0.635
0.757
1.391
1.255
1.482
1.009
0.854
0.277
0.085
0.006
0.000
0.017
0.076
0.302
0.346
0.000
0.021
0.024
0.103
0.120
0.174
0.689
0.072
0.052
0.011
0.091
0.348
0.274
0.849
0.682
0.719
0.000
0.011
0.034
0.116
0.296
1.139
0.602
0.167
0.231
0.999
0.518
2.268
1.942
0.526
0.612
0.375
0.201
0.060
0.042
0.058
0.220
0.170
0.844
0.892
0.583
0.601
0.423
1.052
0.750
0.233
0.098
0.127
0.069
0.029
0.111
0.347
0.818
0.675
0.352
0.305
0.152
0.965
1.075
0.279
0.349
0.718
0.253
0.626
0.595
0.584
0.490
0.772
0.102
0.258
0.210
0.218
0.156
0.042
0.121
0.190
0.145
0.032
0.034
0.131
0.244
0.452
0.268
0.708
0.533
0.117
0.477
0.000
0.012
0.197
0.291
0.116
0.264
0.000
0.011
0.106
0.261
0.356
0.419
0.453
0.384
0.603
0.414
0.172
0.533
0.787
0.229
0.263
1.194
1.002
0.413
1.819
0.288
0.069
0.052
0.050
0.046
0.126
0.000
0.043
0.100
0.059
0.075
0.066
0.031
0.064
0.001
0.014
0.000
0.090
0.000
0.000
0.005
0.064
0.074
0.000
0.000
0.032
0.000
0.000
0.008
0.000
0.000
0.055
0.000
0.000
0.000
0.000
0.000
0.059
0.077
0.232
0.168
0.310
0.909
1.139
1.911
2.346
2.274
0.183
0.016
0.054
0.000
0.000
0.025
0.000
0.089
0.000
0.000
0.000
0.029
0.060
0.142
3.702
0.089
0.057
0.015
0.035
0.000
0.170
0.214
0.028
0.043
0.024
0.125
0.000
0.032
0.050
0.000
0.000
0.045
0.000
0.000
0.000
0.029
0.017
0.003
0.022
0.001
0.097
0.097
0.043
0.190
0.313
0.330
0.953
1.168
1.073
0.632
0.397
0.647
1.449
0.448
0.706
1.616
1.672
2.403
3.046
3.607
2.635
2.502
1.547
1.895
3.274
2.596
2.321
1.698
0.804
0.419
1.061
0.933
0.000
0.307
0.144
0.237
0.310
0.431
0.723
3.639
5.356
2.590
3.510
0.052
0.177
0.400
0.313
0.524
0.968
0.900
0.148
0.172
0.465
0.232
0.739
1.184
0.191
0.194
0.069
NaN
NaN
