5	19
6	18
7	17
10	1201
12	1199
13	1198
14	1197
21	653
22	652
23	651
25	649
26	648
27	647
28	646
29	645
30	644
34	521
36	519
37	518
40	514
41	481
47	479
48	478
49	477
51	476
52	475
53	474
56	89
57	88
62	86
63	85
68	81
69	80
87	500
95	435
96	434
97	433
98	432
106	355
107	354
108	353
109	352
110	351
112	349
115	348
116	347
119	345
120	344
121	343
122	342
123	341
144	175
145	174
151	167
152	166
154	164
155	163
156	162
186	213
187	212
192	207
193	206
194	205
195	204
196	203
197	202
215	310
216	309
219	302
220	301
221	300
222	299
223	298
229	899
231	897
232	896
233	895
234	894
235	893
236	892
238	283
240	281
242	280
243	279
288	295
312	337
314	336
316	334
317	333
319	332
320	331
321	330
322	329
323	328
357	405
358	404
359	403
364	396
365	395
366	394
371	393
372	392
373	391
374	390
375	389
376	388
377	387
409	431
410	430
411	429
413	424
414	423
415	422
416	421
436	457
437	456
439	454
440	453
441	452
458	471
459	470
461	468
462	467
487	512
489	511
490	510
491	509
496	506
497	505
498	504
526	559
528	557
529	556
531	553
532	552
533	551
534	550
535	548
537	546
538	545
539	544
565	585
566	584
569	581
595	641
596	640
597	639
598	638
600	622
601	621
608	635
609	634
610	633
611	632
617	624
618	623
656	1156
663	1164
665	1162
666	1145
667	1144
671	1161
673	1032
674	1031
675	1030
676	1029
680	1025
681	1024
682	1023
684	918
685	917
691	739
692	738
694	736
696	734
697	733
698	732
699	731
700	730
701	729
744	797
745	796
746	795
747	794
750	793
751	792
752	791
754	790
755	789
756	788
757	787
758	786
799	866
800	865
801	864
802	863
803	860
804	859
807	856
808	855
816	848
819	829
820	828
832	842
833	841
873	912
874	911
876	910
878	908
879	907
881	905
882	904
884	902
885	901
886	900
923	1019
924	1018
927	1014
928	1013
931	1010
932	1009
934	1008
935	1007
936	1006
937	1005
938	1004
939	1003
941	985
942	984
944	982
945	981
946	980
947	979
948	978
949	977
950	976
951	975
952	974
956	967
957	966
993	1000
994	999
1037	1078
1038	1077
1039	1076
1040	1075
1042	1073
1046	1072
1047	1071
1051	1067
1052	1066
1053	1065
1054	1064
1085	1861
1089	1160
1090	1159
1091	1158
1094	1151
1097	1135
1098	1134
1099	1133
1101	1131
1103	1129
1104	1128
1105	1127
1106	1126
1107	1125
1108	1124
1110	1123
1112	1121
1140	1147
1141	1146
1166	1193
1167	1192
1168	1191
1175	1186
1176	1185
1177	1184
1178	1183
1202	1697
1203	1696
1204	1694
1205	1693
1206	1692
1208	1691
1209	1690
1210	1689
1211	1688
1212	1687
1213	1686
1217	1681
1218	1680
1221	1645
1222	1644
1223	1643
1224	1642
1225	1641
1227	1531
1228	1530
1229	1529
1230	1528
1232	1526
1233	1525
1234	1524
1235	1523
1237	1520
1244	1255
1245	1254
1266	1516
1267	1515
1268	1514
1269	1513
1270	1512
1272	1510
1277	1320
1278	1319
1279	1318
1280	1317
1281	1316
1287	1314
1289	1310
1290	1309
1291	1308
1293	1306
1294	1305
1295	1304
1323	1505
1324	1504
1325	1503
1327	1502
1328	1501
1329	1500
1333	1498
1334	1496
1335	1492
1336	1491
1337	1490
1338	1488
1339	1487
1340	1486
1345	1384
1346	1383
1347	1382
1349	1380
1350	1379
1351	1360
1352	1359
1353	1358
1363	1375
1365	1374
1366	1373
1367	1372
1389	1481
1390	1480
1391	1479
1395	1450
1399	1447
1400	1446
1401	1445
1402	1444
1406	1440
1407	1439
1408	1438
1411	1435
1413	1433
1414	1432
1415	1431
1417	1429
1419	1428
1420	1427
1421	1426
1453	1475
1456	1470
1457	1469
1458	1468
1459	1467
1460	1466
1532	1638
1536	1597
1537	1596
1539	1593
1541	1592
1550	1582
1558	1577
1559	1576
1560	1575
1562	1573
1564	1571
1565	1570
1604	1635
1608	1631
1610	1629
1611	1628
1612	1627
1613	1626
1614	1625
1651	1673
1652	1672
1653	1671
1654	1670
1655	1669
1656	1668
1657	1667
1658	1666
1700	1836
1702	1833
1705	1829
1706	1828
1708	1826
1711	1822
1712	1821
1713	1820
1714	1819
1716	1817
1717	1816
1720	1813
1722	1812
1723	1811
1724	1810
1725	1809
1726	1808
1727	1807
1728	1806
1731	1803
1732	1802
1733	1801
1736	1798
1738	1796
1739	1795
1742	1792
1746	1788
1747	1787
1749	1785
1750	1784
1751	1782
1752	1780
1753	1779
1754	1778
1755	1777
1756	1776
1757	1775
1758	1774
1759	1773
1760	1772
1761	1771
1839	1860
1840	1859
1841	1858
1842	1857
1843	1856
1844	1855
1845	1854
1846	1853
1847	1852